#camera calibration parameters 
[CameraParameters]
fx = 1987.7588924985816
fy = 2068.8668509694376
cx = 1418.0224009761068
cy = 948.6125189630379
k1 = 0.3683688689823332
k2 = -0.1940751373413739
k3 = 1.9340687673193722
p1 = 0.07210298657979947
p2 = 0.028448930285605897

#Ring physical properties
[RingProperties]
e2e_height_rr = 191
e2e_height_yr = 115
diameter_red_cms = 56
diameter_yellow_cms = 48
red_optimum_hover_ht = 170
yellow_optimum_hover_ht = 83
yellow_optimum_fly_ht = 80
max_distance_btw_rings = 150

#Drone Properties
[DroneProperties]
speed = 20
hover_up_down_threshold = 5
right_left_threshold = 10
