[CameraParameters]
fx = 1987.7588924985816
fy = 2068.8668509694376
k1 = 0.3683688689823332
k2 = -0.1940751373413739

[RingProperties]
e2e_height_rr = 191
e2e_height_yr = 115
diameter_red_cms = 56
diameter_yellow_cms = 48