Camera.fx:  1987.7588924985816
Camera.fy:  2068.8668509694376
Camera.cx:  1418.0222414846583
Camera.cy:  948.6125443210233

Camera.k1:  0.3683688689823332
Camera.k2:  -0.1940751373413739
Camera.p1:  0.07210297296343725
Camera.p2:  0.028448889873156618
Camera.k3:  1.9340541355792007

RMS error: 0.7522733179477115